              precision    recall  f1-score   support

           0       1.00      1.00      1.00        45
           1       0.93      0.93      0.93        46
           2       1.00      1.00      1.00        44
           3       1.00      1.00      1.00        46
           4       0.98      1.00      0.99        45
           5       1.00      0.98      0.99        46
           6       1.00      0.98      0.99        45
           7       0.98      1.00      0.99        45
           8       0.91      0.93      0.92        43
           9       0.98      0.96      0.97        45

    accuracy                           0.98       450
   macro avg       0.98      0.98      0.98       450
weighted avg       0.98      0.98      0.98       450
